0.000663311328768
0.0330747632403
0.0129235242292
0.0034433746985
0.000612199739575
0.00251161912479
0.00747776893095
0.0066989658376
0.00401223249928
0.000183689325126
0.000928052244048
0.000590223366517
0.00252683042811
0.000767538988391
0.0182691515113
0.00221521611163
0.00604695175292
0.0129817161709
0.00535664170783
0.00052492742672
0.00807209478503
0.00746724359088
0.00139194248767
0.00598418808874
0.00408280594847
0.00424572573947
0.00773486655634
0.0122145710631
0.00803584515906
0.000782846654876
0.00411164969883
0.00189850331563
0.00169711279357
0.0126150159267
0.0105420150072
0.00320320417691
0.0067029830196
0.00709507808003
0.00453479197833
0.0003410496264
0.00949250177539
0.00246745843089
0.00788667689804
0.00401830158267
0.00639530948845
0.000699982361414
0.000968771163007
0.0153580935801
0.00547270297272
0.00944956531618
0.000695235089966
0.00466360779317
0.00403952637649
0.00456269318777
0.00477775228645
0.0037774078403
0.00658533873037
0.00308969694552
0.00395048255543
0.00488325466631
0.0121939628859
0.0109035979256
0.00546374998334
0.0146068127081
0.00603929954598
0.00142981608372
0.00437415981856
0.00501327247942
0.0221585628997
0.00521368168332
0.00504645637026
0.00857800610829
0.00502390850349
0.0104711657483
0.00935049676853
0.00144747113714
0.00350477971968
0.00218117263049
0.00594528097452
0.00220254258435
0.00407723285882
0.00780198910405
0.0043756616378
0.000935217492291
0.00173715906901
0.00447535610389
0.00132348669151
0.00124563976855
0.007898790596
0.0156913396915
0.0186437786593
0.00219694867375
0.00332704271839
0.00109049544543
0.00853255797288
0.00519293690947
0.00172763420981
0.0059427081398
0.0110077268706
0.00482218957622
